00000000000000000000000000000000
00000000000000000000000000000000
11111111111111111111001011100110
00000000000000000000110100011010
11111111111111111110110001001010
00000000000000000000001110001000
11111111111111111111110001111000
00000000000000000001001110110110
00000000000000000000110101110010
00000000000000000000000110011101
11111111111111111111100110100111
11111111111111111110010111001110
00000000000000000001101000110010
00000000000000000000011001011001
11111111111111111111111001100011
11111111111111111111001010001110
00000000000000000000010011001011
00000000000000000000000011001010
11111111111111111111011101001101
00000000000000000001110011100001
11111111111111111111110110000100
00000000000000000000010011000000
11111111111111111111110110000100
11111111111111111010010110111100
00000000000000000101101001000100
00000000000000000000001001111100
11111111111111111111101101000000
00000000000000000000001001111100
11111111111111111110001100011111
00000000000000000000100010110011
11111111111111111111111100110110
11111111111111111111101100110101
00000000000000000000001000111110
00000000000000000000000001100100
11111111111111111111010110000111
00000000000000000001000110101100
11111111111111111111011011000111
00000000000000000000010000011011
11111111111111111111110011111100
00000000000000000011101010001010
00000000000000000001100100001111
00000000000000000000001000001011
11111111111111111111101010000100
11111111111111111111101010010001
11111111111111110110111110011000
00000000000000000000011101100000
11111111111111111111111011001110
11111111111111111111011111011101
00000000000000000000100000100011
00000000000000000000000100110010
11111111111111111111100010100000
00000000000000001001000001101000
00000000000000000000010101101111
00000000000000000000010101111100
11111111111111111111110111110101
11111111111111111110011011110001
11111111111111111100010101110110
00000000000000000000001100000100
11111111111111111111101111100101
00000000000000000000100100111001
11111111111111111110111001010100
00000000000000000000101001111001
11111111111111111111111110011100
11111111111111111111110111000010
00000000000000000000000100011010
00000000000000000000000000110010
11111111111111111111010001011100
00000000000000000000111100000011
11111111111111111111001001111011
00000000000000000000001111010000
11111111111111111111110010111100
00000000000000000001111010100110
00000000000000000001000111010111
00000000000000000000000111010100
11111111111111111111101000011010
11111111111111111111001111001010
00000000000000000101010000100011
00000000000000000000011011011000
11111111111111111111111010011001
11111111111111111111010110010110
00000000000000000000011001010010
00000000000000000000000011111110
11111111111111111111100000000001
00000000000000000010110110110100
00000000000000000000000100000100
00000000000000000000010100011011
11111111111111111111110110111100
11111111111111111101100000110010
11111111111111101001100100010101
00000000000000000000001011011011
11111111111111111111101110010101
00000000000000000000010110111100
11111111111111111110101001000110
00000000000000000000100110000011
11111111111111111111111101101001
11111111111111111111110010001011
00000000000000000000001101110101
00000000000000000000000010010111
11111111111111111111011001111101
00000000000000000001010110111010
11111111111111111111101001000100
00000000000000000000010001101011
11111111111111111111110100100101
00000000000000010110011011101011
00000000000000000010011111001110
00000000000000000000001001000100
11111111111111111111101011100101
11111111111111111111111011111100
11111111111111111101001001001100
00000000000000000000011111111111
11111111111111111111111100000010
11111111111111111111100110101110
00000000000000000000101001101010
00000000000000000000000101100111
11111111111111111111100100101000
11111111111111111010101111011101
00000000000000000000110000110110
00000000000000000000010111100110
11111111111111111111111000101100
11111111111111111110111000101001
11111111111111111110000101011010
00000000000000000000001101000100
11111111111111111111110000110000
00000000000000000000110110000101
11111111111111111111000011111101
00000000000000000000101110100100
11111111111111111111111111001110
11111111111111111111111011100110
00000000000000000000000010001100
00000000000000000000000000011001
11111111111111111111001110101101
00000000000000000000110111111100
11111111111111111110111110111010
00000000000000000000001110101011
11111111111111111111110010011010
00000000000000000001100000111111
00000000000000000000111101101001
00000000000000000000000110111000
11111111111111111111100111100010
11111111111111111110111001011011
00000000000000000010101000101001
00000000000000000000011010010110
11111111111111111111111001111110
11111111111111111111010000110001
00000000000000000000010110000111
00000000000000000000000011100100
11111111111111111111011110101010
00000000000000000010001100100010
11111111111111111111111100110100
00000000000000000000010011101101
11111111111111111111110110100000
11111111111111111100100010010100
00000000000000001111000001101110
00000000000000000000001010001111
11111111111111111111101101101011
00000000000000000000010000011100
11111111111111111110011101001000
00000000000000000000100100010111
11111111111111111111111101001111
11111111111111111111101111100101
00000000000000000000001011010111
00000000000000000000000001111110
11111111111111111111011000000111
00000000000000000001001101110110
11111111111111111111100010010101
00000000000000000000010001000011
11111111111111111111110100011001
00000000000000000110010110101001
00000000000000000001111011100000
00000000000000000000001000101000
11111111111111111111101010110101
11111111111111111111110011110100
11111111111111111011110000111011
00000000000000000000011110101110
11111111111111111111111011101000
11111111111111111111100011010001
00000000000000000000100100110100
00000000000000000000000101001100
11111111111111111111100011011100
11111111111111011110000101010011
00000000000000000000100001011110
00000000000000000000010110110000
11111111111111111111111000010001
11111111111111111110101100010001
11111111111111111101011101101000
00000000000000000000001100100011
11111111111111111111110000001011
00000000000000000000101100111001
11111111111111111110111111000111
00000000000000000000101100000111
11111111111111111111111110110101
11111111111111111111111001010101
00000000000000000000000110101011
00000000000000000000000001001011
11111111111111111111010011111001
00000000000000000001000000111001
11111111111111111111010011000111
00000000000000000000001111110101
11111111111111111111110011011101
00000000000000000010100010011000
00000000000000000001010011101111
00000000000000000000000111101111
11111111111111111111101001010000
11111111111111111111011110100010
00000000000000100001111010101101
00000000000000000000011100100100
11111111111111111111111010110100
11111111111111111111011011001100
00000000000000000000011100101111
00000000000000000000000100011000
11111111111111111111100001010010
00000000000000000100001111000101
00000000000000000000001100001100
00000000000000000000010101001011
11111111111111111111110111011000
11111111111111111110000100100000
11111111111111111001101001010111
00000000000000000000001011100111
11111111111111111111101110111101
00000000000000000000011101101011
11111111111111111110110010001010
00000000000000000000100111111001
11111111111111111111111110000010
11111111111111111111110100101001
00000000000000000000010000011011
00000000000000000000000010110001
11111111111111111111011011101001
00000000000000000001100010111000
11111111111111111111101111100100
00000000000000000000010010010101
11111111111111111111110101110001
11111111111111110000111110010010
00000000000000000011011101101100
00000000000000000000001001100000
11111111111111111111101100010011
00000000000000000000000011001100
11111111111111111101110011011110
00000000000000000000100001010110
11111111111111111111111100011100
11111111111111111111101001111001
00000000000000000000101111001111
00000000000000000000000110000010
11111111111111111111100101101010
11111111111111111101010111010111
00000000000000000001000110100101
00000000000000000000011000011110
11111111111111111111111001001000
11111111111111111111000010010111
11111111111111111110011111000001
00000000000000000000001101100110
11111111111111111111110001010101
00000000000000000001000001000110
11111111111111111111001000000100
00000000000000000000110001010011
11111111111111111111111111100111
11111111111111111111111101110100
00000000000000000000000001000110
00000000000000000000000000001100
11111111111111111111001101001101
00000000000000000000110110000111
11111111111111111110111000011101
00000000000000000000001110011010
11111111111111111111110010001001
00000000000000000001010111001110
00000000000000000000111001100001
00000000000000000000000110101010
11111111111111111111100111000101
11111111111111111110101010100001
00000000000000000010000010111100
00000000000000000000011001110111
11111111111111111111111001110001
11111111111111111111001101101001
00000000000000000000010100100111
00000000000000000000000011010111
11111111111111111111011101111100
00000000000000000001111110100111
11111111111111111111111001011001
00000000000000000000010011010110
11111111111111111111110110010010
11111111111111111011101101000111
00000000000000001000001101000111
00000000000000000000001010001000
11111111111111111111101101010110
00000000000000000000001101001101
11111111111111111110010101100100
00000000000000000000100011100100
11111111111111111111111101000011
11111111111111111111101110001110
00000000000000000000001010001010
00000000000000000000000001110001
11111111111111111111010111001000
00000000000000000001001010000101
11111111111111111111011110110011
00000000000000000000010000101111
11111111111111111111110100001011
00000000000000000100101001110111
00000000000000000001101110110001
00000000000000000000001000011010
11111111111111111111101010011101
11111111111111111111101111010000
11111111111111111010010010011010
00000000000000000000011110000111
11111111111111111111111011011011
11111111111111111111100001011010
00000000000000000000100010101000
00000000000000000000000100111111
11111111111111111111100011001001
00000000000000010111010110101011
00000000000000000000011011010000
00000000000000000000010110010110
11111111111111111111111000000011
11111111111111111110100100101010
11111111111111111100111111110100
00000000000000000000001100010011
11111111111111111111101111111000
00000000000000000000101000110001
11111111111111111110111100010110
00000000000000000000101010111110
11111111111111111111111110101000
11111111111111111111111000001100
00000000000000000000000101100010
00000000000000000000000000111111
11111111111111111111010010101101
00000000000000000000111110010111
11111111111111111111001110101101
00000000000000000000001111100010
11111111111111111111110011001101
00000000000000000010001100000010
00000000000000000001001101001001
00000000000000000000000111100001
11111111111111111111101000110110
11111111111111111111010111011011
00000000000000001001010111000000
00000000000000000000011011111011
11111111111111111111111010100110
11111111111111111111011000110110
00000000000000000000011010111110
00000000000000000000000100001011
11111111111111111111100000101010
00000000000000000011011001011101
00000000000000000000000111111111
00000000000000000000010100110010
11111111111111111111110111001010
11111111111111111101110100110001
11111111111111110110000100011000
00000000000000000000001011011100
11111111111111111111101110101001
00000000000000000000011010010001
11111111111111111110101101111010
00000000000000000000100110111101
11111111111111111111111101110110
11111111111111111111110011011011
00000000000000000000001111000111
00000000000000000000000010100100
11111111111111111111011010110100
00000000000000000001011100011100
11111111111111111111101100010101
00000000000000000000010010000000
11111111111111111111110110111100
11111111111110100110000000110100
00000000000000000010111001011111
00000000000000000000001001010010
11111111111111111111101011111101
11111111111111111111111111101010
11111111111111111101100001011110
00000000000000000000100000101010
11111111111111111111111100001111
11111111111111111111101000010110
00000000000000000000101100010110
00000000000000000000000101110100
11111111111111111111100101001001
11111111111111111100011011111010
00000000000000000000111010101010
00000000000000000000011000000001
11111111111111111111111000111010
11111111111111111110111101110001
11111111111111111110010011011100
00000000000000000000001101010101
11111111111111111111110001000011
00000000000000000000111011010100
11111111111111111111000110000101
00000000000000000000101111111001
11111111111111111111111111011011
11111111111111111111111100101101
00000000000000000000000011010011
00000000000000000000000000100101
11111111111111111111010000000111
00000000000000000000111001111011
11111111111111111111000100101100
00000000000000000000001110111101
11111111111111111111110010101011
00000000000000000001101100100100
00000000000000000001000010001111
00000000000000000000000111000110
11111111111111111111100111111111
11111111111111111111000101010110
00000000000000000011100100000110
00000000000000000000011010110111
11111111111111111111111010001100
11111111111111111111010011101010
00000000000000000000010111101010
00000000000000000000000011110001
11111111111111111111011111010110
00000000000000000010011110100010
00000000000000000000000000010110
00000000000000000000010100000011
11111111111111111111110110101110
11111111111111111101000110100001
00000000000001011001111111001100
00000000000000000000001001000100
11111111111111111111101110000000
00000000000000000000010011101011
11111111111111111110100011100100
00000000000000000000100101001100
11111111111111111111111101011100
11111111111111111111110000111001
00000000000000000000001100100101
00000000000000000000000010001010
11111111111111111111011001000011
00000000000000000001010010000110
11111111111111111111100101101111
00000000000000000000010001010111
11111111111111111111110100100100
00000000000000001001111011101000
00000000000000000010001011001111
00000000000000000000001000110110
11111111111111111111101011001110
11111111111111111111111000000001
11111111111111111100100110100011
00000000000000000000011111010110
11111111111111111111111011110101
11111111111111111111100101000010
00000000000000000000100111001010
00000000000000000000000101011010
11111111111111111111100100000101
11111111111111110110101001000000
00000000000000000000101000100101
00000000000000000000010111001010
11111111111111111111111000011111
11111111111111111110110010110111
11111111111111111101110011111110
00000000000000000000001100110011
11111111111111111111110000011110
00000000000000000000110001010011
11111111111111111111000001101001
00000000000000000000101101010011
11111111111111111111111111000001
11111111111111111111111010011110
00000000000000000000000111110100
00000000000000000000000001011000
11111111111111111111010101000010
00000000000000000001000011101010
11111111111111111111010111001111
00000000000000000000010000001000
11111111111111111111110011101101
00000000000000000011000000001100
00000000000000000001011011010110
00000000000000000000000111111101
11111111111111111111101001101010
11111111111111111111100100110000
11111111111111101000101001010101
00000000000000000000011100110111
11111111111111111111111011000001
11111111111111111111011101011000
00000000000000000000011110100110
00000000000000000000000100100101
11111111111111111111100001111001
00000000000000000101101101100110
00000000000000000000010000110000
00000000000000000000010101100011
11111111111111111111110111100110
11111111111111111110010001001111
11111111111111111011010110001001
00000000000000000000001011110101
11111111111111111111101111010001
00000000000000000000100001001101
11111111111111111110110101111011
00000000000000000000101000111000
11111111111111111111111110001111
11111111111111111111110101110110
00000000000000000000010001110010
00000000000000000000000010111101
11111111111111111111011100011100
00000000000000000001101010011100
11111111111111111111110010110011
00000000000000000000010010101010
11111111111111111111110101111000
11111111111111110111110010111001
00000000000000000100010010111001
00000000000000000000001001101110
11111111111111111111101100101010
00000000000000000000000110100111
11111111111111111110000001011001
00000000000000000000100010000100
11111111111111111111111100101001
11111111111111111111101011011001
00000000000000000000110010010111
00000000000000000000000110001111
11111111111111111111100110001001
11111111111111111101111101000100
00000000000000000001010101011111
00000000000000000000011000111011
11111111111111111111111001010110
11111111111111111111000110011111
11111111111111111110101000110010
00000000000000000000001101110111
11111111111111111111110001100110
00000000000000000001000111100011
11111111111111111111001001111001
00000000000000000000110010110011
11111111111111111111111111110100
11111111111111111111111110111010
00000000000000000000000000100011
00000000000000000000000000000110
11111111111111111111001100011011
00000000000000000000110101001111
11111111111111111110110100111011
00000000000000000000001110010001
11111111111111111111110010000001
00000000000000000001010010111000
00000000000000000000110111100111
00000000000000000000000110100100
11111111111111111111100110110110
11111111111111111110100001100010
00000000000000000001110100110010
00000000000000000000011001101000
11111111111111111111111001101010
11111111111111111111001011111110
00000000000000000000010011111001
00000000000000000000000011010001
11111111111111111111011101100101
00000000000000000001111000110001
11111111111111111111110111101110
00000000000000000000010011001011
11111111111111111111110110001011
11111111111111111011000111110100
00000000000000000110101011111100
00000000000000000000001010000010
11111111111111111111101101001011
00000000000000000000001011100101
11111111111111111110010001001111
00000000000000000000100011001011
11111111111111111111111100111100
11111111111111111111101101100010
00000000000000000000001001100100
00000000000000000000000001101011
11111111111111111111010110101000
00000000000000000001001000010110
11111111111111111111011100111111
00000000000000000000010000100101
11111111111111111111110100000100
00000000000000000100000110010110
00000000000000000001101001010001
00000000000000000000001000010010
11111111111111111111101010010000
11111111111111111111101100110101
11111111111111111001000001100100
00000000000000000000011101110011
11111111111111111111111011010100
11111111111111111111100000011100
00000000000000000000100001100101
00000000000000000000000100111001
11111111111111111111100010110011
00000000000000001100111011110111
00000000000000000000011000011011
00000000000000000000010110001001
11111111111111111111110111111100
11111111111111111110100000011001
11111111111111111100101100110010
00000000000000000000001100001100
11111111111111111111101111101110
00000000000000000000100110110011
11111111111111111110111010110111
00000000000000000000101010011011
11111111111111111111111110100010
11111111111111111111110111100111
00000000000000000000000100111110
00000000000000000000000000111000
11111111111111111111010010000101
00000000000000000000111101001100
11111111111111111111001100010111
00000000000000000000001111011001
11111111111111111111110011000100
00000000000000000010000010110100
00000000000000000001001010001010
00000000000000000000000111011011
11111111111111111111101000101000
11111111111111111111010011011101
00000000000000000110110001010100
00000000000000000000011011101001
11111111111111111111111010100000
11111111111111111111010111100111
00000000000000000000011010000111
00000000000000000000000100000100
11111111111111111111100000010110
00000000000000000011000110011101
00000000000000000000000101111111
00000000000000000000010100100110
11111111111111111111110111000011
11111111111111111101101011011010
11111111111111110010001110000110
00000000000000000000001011011000
11111111111111111111101110011111
00000000000000000000011000100110
11111111111111111110101011100101
00000000000000000000100110100000
11111111111111111111111101101111
11111111111111111111110010110011
00000000000000000000001110011110
00000000000000000000000010011110
11111111111111111111011010011001
00000000000000000001011001100101
11111111111111111111101010101101
00000000000000000000010001110101
11111111111111111111110100000000
00000000000000111011111010011011
00000000000000000010101011011001
00000000000000000000001001001011
11111111111111111111101011110001
11111111111111111111111101110101
11111111111111111101010110010100
00000000000000000000100000010101
11111111111111111111111100001001
11111111111111111111100111100010
00000000000000000000101010111110
00000000000000000000000101101110
11111111111111111111100100111001
11111111111111111011101110111110
00000000000000000000110101100010
00000000000000000000010111110011
11111111111111111111111000110011
11111111111111111110111011010010
11111111111111111110001100110001
00000000000000000000001101001100
11111111111111111111110000111001
00000000000000000000111000101001
11111111111111111111000101000010
00000000000000000000101111001110
11111111111111111111111111010100
11111111111111111111111100001001
00000000000000000000000010110000
00000000000000000000000000011111
11111111111111111111001111011011
00000000000000000000111000111010
11111111111111111111000001111000
00000000000000000000001110110100
11111111111111111111110010100011
00000000000000000001100110100001
00000000000000000000111111111000
00000000000000000000000110111111
11111111111111111111100111110001
11111111111111111110111111101100
00000000000000000011000010100110
00000000000000000000011010100110
11111111111111111111111010000101
11111111111111111111010010010000
00000000000000000000010110111000
00000000000000000000000011101010
11111111111111111111011111000000
00000000000000000010010100111010
11111111111111111111111110100100
00000000000000000000010011111000
11111111111111111111110110100111
11111111111111111100110101111111
00000000000000011001101111010000
00000000000000000000001010001010
11111111111111111111101101110110
00000000000000000000010010000011
11111111111111111110100000011110
00000000000000000000100100110001
11111111111111111111111101010110
11111111111111111111110000001111
00000000000000000000001011111110
00000000000000000000000010000100
11111111111111111111011000100110
00000000000000000001001111111010
11111111111111111111100100000011
00000000000000000000010001001101
11111111111111111111110100011111
00000000000000000111110000010100
00000000000000000010000010111100
00000000000000000000001000101111
11111111111111111111101011000010
11111111111111111111110101111101
11111111111111111100001110111110
00000000000000000000011111000010
11111111111111111111111011101111
11111111111111111111100100001010
00000000000000000000100101111110
00000000000000000000000101010011
11111111111111111111100011110011
11111111111111110001001011100100
00000000000000000000100100111010
00000000000000000000010110111101
11111111111111111111111000011000
11111111111111111110101111101011
11111111111111111101101001100010
00000000000000000000001100101011
11111111111111111111110000010100
00000000000000000000101111000011
11111111111111111111000000011010
00000000000000000000101100101100
11111111111111111111111110111011
11111111111111111111111001111010
00000000000000000000000111001111
00000000000000000000000001010001
11111111111111111111010100011110
00000000000000000001000010001111
11111111111111111111010101001101
00000000000000000000001111111110
11111111111111111111110011100101
00000000000000000010110000001000
00000000000000000001010111011001
00000000000000000000000111110110
11111111111111111111101001011101
11111111111111111111100001101111
11111111111101110110000101001010
00000000000000000000011100000101
11111111111111111111111010111010
11111111111111111111011100010011
00000000000000000000011101101010
00000000000000000000000100011110
11111111111111111111100001100110
00000000000000000100110110110001
00000000000000000000001110011011
00000000000000000000010101010111
11111111111111111111110111011111
11111111111111111110001011001011
11111111111111111010100111111100
00000000000000000000001011101110
11111111111111111111101111000111
00000000000000000000011111011011
11111111111111111110110100000110
00000000000000000000101000011000
11111111111111111111111110001001
11111111111111111111110101010000
00000000000000000000010001000110
00000000000000000000000010110111
11111111111111111111011100000011
00000000000000000001100110100000
11111111111111111111110001001100
00000000000000000000010010100000
11111111111111111111110101110011
11111111111111110101011000101110
00000000000000000011110101011111
00000000000000000000001001100111
11111111111111111111101100011111
00000000000000000000000100111010
11111111111111111101111010110110
00000000000000000000100001101101
11111111111111111111111100100010
11111111111111111111101010101001
00000000000000000000110000110001
00000000000000000000000110001001
11111111111111111111100101111001
11111111111111111101101100000110
00000000000000000001001101100110
00000000000000000000011000101100
11111111111111111111111001001111
11111111111111111111000100011110
11111111111111111110100100000110
00000000000000000000001101101110
11111111111111111111110001011110
00000000000000000001000100001110
11111111111111111111001000111111
00000000000000000000110010000010
11111111111111111111111111101110
11111111111111111111111110010111
00000000000000000000000001101001
00000000000000000000000000010010
11111111111111111111001101111110
00000000000000000000110111000001
11111111111111111110111011110010
00000000000000000000001110100010
11111111111111111111110010010010
00000000000000000001011011111010
00000000000000000000111011100010
00000000000000000000000110110001
11111111111111111111100111010100
11111111111111111110110010011010
00000000000000000010010011111010
00000000000000000000011010000111
11111111111111111111111001110111
11111111111111111111001111001111
00000000000000000000010101010111
00000000000000000000000011011110
11111111111111111111011110010011
00000000000000000010000101001010
11111111111111111111111011000110
00000000000000000000010011100001
11111111111111111111110110011001
11111111111111111100001010100001
00000000000000001010100111010010
00000000000000000000001010001101
11111111111111111111101101100000
00000000000000000000001110110100
11111111111111111110011001100000
00000000000000000000100011111101
11111111111111111111111101001001
11111111111111111111101110111010
00000000000000000000001010110000
00000000000000000000000001110111
11111111111111111111010111101000
00000000000000000001001011111010
11111111111111111111100000100101
00000000000000000000010000111001
11111111111111111111110100010010
00000000000000000101011000000100
00000000000000000001110100110101
00000000000000000000001000100001
11111111111111111111101010101001
11111111111111111111110001100101
11111111111111111011001001001111
00000000000000000000011110011010
11111111111111111111111011100010
11111111111111111111100010010110
00000000000000000000100011101101
00000000000000000000000101000110
11111111111111111111100011111011
00000000000010001001111010110110
00000000000000000000011110010001
00000000000000000000010110100011
11111111111111111111111000001010
11111111111111111110101000100111
11111111111111111101001111111000
00000000000000000000001100011011
11111111111111111111110000000010
00000000000000000000101010110011
11111111111111111110111101110001
00000000000000000000101011100010
11111111111111111111111110101111
11111111111111111111111000110001
00000000000000000000000110000110
00000000000000000000000001000101
11111111111111111111010011010100
00000000000000000000111111100110
11111111111111111111010000111101
00000000000000000000001111101100
11111111111111111111110011010101
00000000000000000010010110011110
00000000000000000001010000010101
00000000000000000000000111101000
11111111111111111111101001000011
11111111111111111111011011000110
00000000000000001110110100011100
00000000000000000000011100001101
11111111111111111111111010101101
11111111111111111111011010000010
00000000000000000000011011110110
00000000000000000000000100010001
11111111111111111111100000111110
00000000000000000011110001000010
00000000000000000000001010000011
00000000000000000000010100111110
11111111111111111111110111010001
11111111111111111101111101000100
11111111111111111000001111101100
00000000000000000000001011100001
11111111111111111111101110110011
00000000000000000000011011111101
11111111111111111110110000000110
00000000000000000000100111011010
11111111111111111111111101111100
11111111111111111111110100000010
00000000000000000000001111110001
00000000000000000000000010101010
11111111111111111111011011001111
00000000000000000001011111100010
11111111111111111111101101111101
00000000000000000000010010001010
11111111111111111111110101110110
11111111111111100110010000110000
00000000000000000011001010000001
00000000000000000000001001011001
11111111111111111111101100001000
00000000000000000000000001011100
11111111111111111101101011000110
00000000000000000000100001000000
11111111111111111111111100010110
11111111111111111111101001001000
00000000000000000000101101110000
00000000000000000000000101111011
11111111111111111111100101011010
11111111111111111100111101011010
00000000000000000001000000010100
00000000000000000000011000001111
11111111111111111111111001000001
11111111111111111111000000001000
11111111111111111110011001011111
00000000000000000000001101011101
11111111111111111111110001001100
00000000000000000000111110001000
11111111111111111111000111000110
00000000000000000000110000100101
11111111111111111111111111100001
11111111111111111111111101010000
00000000000000000000000011110111
00000000000000000000000000101100
11111111111111111111010000110010
00000000000000000000111010111110
11111111111111111111000111010111
00000000000000000000001111000111
11111111111111111111110010110100
00000000000000000001110011001111
00000000000000000001000100101110
00000000000000000000000111001101
11111111111111111111101000001101
11111111111111111111001010011110
00000000000000000100010001000010
00000000000000000000011011000111
11111111111111111111111010010010
11111111111111111111010101000010
00000000000000000000011000011110
00000000000000000000000011110111
11111111111111111111011111101011
00000000000000000010101001101100
00000000000000000000000010001011
00000000000000000000010100001111
11111111111111111111110110110101
11111111111111111101010100100111
11111111111111000100000101100101
00000000000000000000001100000000
11111111111111111111101110001011
00000000000000000000010101010011
11111111111111111110100110011011
00000000000000000000100101100111
11111111111111111111111101100010
11111111111111111111110001100010
00000000000000000000001101001101
00000000000000000000000010010001
11111111111111111111011001100000
00000000000000000001010100011011
11111111111111111111100111011010
00000000000000000000010001100001
11111111111111111111110100101000
00000000000000001101110001111010
00000000000000000010010100100110
00000000000000000000001000111101
11111111111111111111101011011010
11111111111111111111111010000001
11111111111111111100111001100011
00000000000000000000011111101010
11111111111111111111111011111100
11111111111111111111100101111001
00000000000000000000101000011001
00000000000000000000000101100000
11111111111111111111100100010111
11111111111111111001001110101100
00000000000000000000101100100011
00000000000000000000010111011000
11111111111111111111111000100101
11111111111111111110110101110110
11111111111111111101111101001100
00000000000000000000001100111100
11111111111111111111110000100111
00000000000000000000110011101001
11111111111111111111000010110100
00000000000000000000101101111011
11111111111111111111111111001000
11111111111111111111111011000010
00000000000000000000001000011001
00000000000000000000000001011110
11111111111111111111010101100101
00000000000000000001000101001001
11111111111111111111011001001101
00000000000000000000010000010010
11111111111111111111110011110100
00000000000000000011010011001110
00000000000000000001011111100111
00000000000000000000001000000100
11111111111111111111101001110111
11111111111111111111100111100101
11111111111111110011000100001001
00000000000000000000011101001101
11111111111111111111111011000111
11111111111111111111011110011011
00000000000000000000011111100100
00000000000000000000000100101100
11111111111111111111100010001101
00000000000000000110111110011100
00000000000000000000010011001011
00000000000000000000010101110000
11111111111111111111110111101110
11111111111111111110010110101111
11111111111111111011111001101010
00000000000000000000001011111100
11111111111111111111101111011011
00000000000000000000100011000001
11111111111111111110110111101010
00000000000000000000101001011000
11111111111111111111111110010101
11111111111111111111110110011100
00000000000000000000010010011110
00000000000000000000000011000100
11111111111111111111011100110101
00000000000000000001101110110001
11111111111111111111110100011011
00000000000000000000010010110101
11111111111111111111110101111110
11111111111111111001010100000100
00000000000000000100111000001100
00000000000000000000001001110101
11111111111111111111101100110101
00000000000000000000001000010010
11111111111111111110000111001111
00000000000000000000100010011011
11111111111111111111111100101111
11111111111111111111101100000111
00000000000000000000110100000010
00000000000000000000000110010110
11111111111111111111100110011000
11111111111111111110001011001110
00000000000000000001011110011110
00000000000000000000011001001010
11111111111111111111111001011100
11111111111111111111001000011001
11111111111111111110101101001000
00000000000000000000001101111111
11111111111111111111110001101111
00000000000000000001001011000101
11111111111111111111001010110001
00000000000000000000110011100101
11111111111111111111111111111010
11111111111111111111111111011101
